0.101966309524 0.0
0.102469690476 0.0
0.102973071429 0.0
0.103476452381 0.0
0.103979833333 0.0
0.104483214286 0.0
0.104986595238 0.0
0.10548997619 0.0
0.105993357143 0.0
0.106496738095 0.0
0.107000119048 0.0
0.1075035 0.0
0.108006880952 0.0
0.108510261905 0.0
0.109013642857 0.0
0.10951702381 0.0
0.110018928571 0.0
0.110522309524 0.0
0.111025690476 0.0
0.111529071429 0.0
0.112032452381 0.0
0.112535833333 0.00413920990761
0.113039214286 0.00827841981523
0.113542595238 0.00827841981523
0.11404597619 0.0124176297228
0.114549357143 0.0124176297228
0.115052738095 0.0165568396305
0.115556119048 0.0165568396305
0.1160595 0.0206960495381
0.116562880952 0.0206960495381
0.117066261905 0.0248352594457
0.117569642857 0.0289744693533
0.11807302381 0.0331136792609
0.118576404762 0.0331136792609
0.119079785714 0.0372528891685
0.119583166667 0.0413920990761
0.120084880952 0.0496713412918
0.120588261905 0.0538099324384
0.121091642857 0.0579491580106
0.12159502381 0.0662276091549
0.122098404762 0.0703668347271
0.122601785714 0.0786452858715
0.123105166667 0.0869237370158
0.123608547619 0.0952021881602
0.124111928571 0.103480639305
0.124615309524 0.111759090449
0.125118690476 0.120037541593
0.125622071429 0.128315992738
0.126125452381 0.140733669454
0.126628833333 0.149012120599
0.127132214286 0.161429797315
0.127635595238 0.169708248459
0.12813897619 0.182125925176
0.128642357143 0.194543601893
0.129145738095 0.206961278609
0.129649119048 0.219378955326
0.13015097619 0.231800140972
0.130654357143 0.240075083187
0.131157738095 0.252492759903
0.131661119048 0.269049662192
0.1321645 0.281467338908
0.132667880952 0.293885015625
0.133171261905 0.306302692342
0.133674642857 0.318720369058
0.13417802381 0.335277271347
0.134681404762 0.347694948063
0.135184785714 0.36011262478
0.135688166667 0.372530301496
0.136191547619 0.384947978213
0.136694928571 0.401504880502
0.137198309524 0.413922557218
0.137701690476 0.426340233935
0.138205071429 0.438757910651
0.138708452381 0.451175587368
0.139211833333 0.463593264084
0.139715214286 0.480150166373
0.140217166667 0.49257483353
0.140720547619 0.504985042036
0.141223928571 0.517402707004
0.141727309524 0.529820371972
0.142230690476 0.546377258596
0.142734071429 0.558794923564
0.143237452381 0.571212588532
0.143740833333 0.5836302535
0.144244214286 0.596047918468
0.144747595238 0.612604805092
0.14525097619 0.62502247006
0.145754357143 0.637440135029
0.146257738095 0.649857799997
0.146761119048 0.662275464965
0.1472645 0.674693129933
0.147767880952 0.687110794901
0.148271261905 0.699528459869
0.148774642857 0.716085346493
0.14927802381 0.728503011461
0.149781404762 0.740920676429
0.15028402381 0.753344043355
0.150787404762 0.765756730854
0.151290785714 0.77817440757
0.151794166667 0.790592084287
0.152297547619 0.803009761003
0.152800928571 0.819566663292
0.153304309524 0.831984340009
0.153807690476 0.848541242297
0.154311071429 0.860958919014
0.154814452381 0.877515821303
0.155317833333 0.894072723592
0.155821214286 0.906490400308
0.156324595238 0.923047302597
0.15682797619 0.939604204886
0.157331357143 0.956161107174
0.157834738095 0.972718009463
0.158338119048 0.989274911752
0.1588415 1.00583181404
0.159344880952 1.02238871633
0.159846738095 1.04310063438
0.160350119048 1.0596577873
0.1608535 1.07619966697
0.161356880952 1.09689581441
0.161860261905 1.11345273236
0.162363642857 1.13414887981
0.16286702381 1.15070579776
0.163370404762 1.16726271571
0.163873785714 1.18795886315
0.164377166667 1.2086550106
0.164880547619 1.22521192855
0.165383928571 1.24590807599
0.165887309524 1.26246499394
0.166390690476 1.28316114139
0.166894071429 1.29971805934
0.167397452381 1.32041420678
0.167900833333 1.33697112474
0.168404214286 1.35766727218
0.168907595238 1.37422419013
0.16941097619 1.39492033757
0.169912785714 1.41149929017
0.170416166667 1.42805646659
0.170919547619 1.44873100625
0.171422928571 1.46528793204
0.171926309524 1.48598408927
0.172429690476 1.50254101505
0.172933071429 1.52323717229
0.173436452381 1.53979409807
0.173939833333 1.5604902553
0.174443214286 1.57704718109
0.174946595238 1.59774333832
0.17544997619 1.61843949555
0.175953357143 1.63499642134
0.176456738095 1.65569257857
0.176960119048 1.6763887358
0.1774635 1.69294566159
0.177966880952 1.71364181882
0.178470261905 1.73019874461
0.178973642857 1.75089490184
0.17947702381 1.77159105907
0.17997902381 1.78817251607
0.180482404762 1.80884414209
0.180985785714 1.82540106787
0.181489166667 1.84609722511
0.181992547619 1.86265415089
0.182495928571 1.88335030812
0.182999309524 1.90404646536
0.183502690476 1.92474262259
0.184006071429 1.94129954837
0.184509452381 1.96199570561
0.185012833333 1.98269186284
0.185516214286 2.00338802007
0.186019595238 2.0240841773
0.18652297619 2.04478033454
0.187026357143 2.06547649177
0.187529738095 2.086172649
0.188033119048 2.10686880623
0.1885365 2.12756496346
0.189039880952 2.1482611207
0.189543261905 2.16895727793
0.19004502381 2.18968865383
0.190548404762 2.20621349193
0.191051785714 2.22690967853
0.191555166667 2.24760586513
0.192058547619 2.26830205174
0.192561928571 2.28899823834
0.193065309524 2.30969442494
0.193568690476 2.33039061155
0.194072071429 2.35108679815
0.194575452381 2.37178298475
0.195078833333 2.39247917136
0.195582214286 2.41731459528
0.196085595238 2.43801078189
0.19658897619 2.45870696849
0.197092357143 2.47940315509
0.197595738095 2.5000993417
0.198099119048 2.5207955283
0.1986025 2.5414917149
0.199105880952 2.56218790151
0.199609261905 2.58702332543
0.200111833333 2.60774048334
0.200615214286 2.62841818541
0.201118595238 2.64911815114
0.20162197619 2.6698143867
0.202125357143 2.69051062225
0.202628738095 2.71534610492
0.203132119048 2.73604234048
0.2036355 2.75259932892
0.204138880952 2.77329556448
0.204642261905 2.79399180003
0.205145642857 2.81468803559
0.20564902381 2.83538427114
0.206152404762 2.8560805067
0.206655785714 2.87677674226
0.207159166667 2.89747297781
0.207662547619 2.91816921337
0.208165928571 2.93886544892
0.208669309524 2.95956168448
0.209172690476 2.98025792004
0.209676071429 3.0050934027
0.210178071429 3.02583114857
0.210681452381 3.04648299149
0.211184833333 3.07131845066
0.211688214286 3.09201466664
0.212191595238 3.11685012581
0.21269497619 3.13754634178
0.213198357143 3.15824255776
0.213701738095 3.17479953054
0.214205119048 3.19963498971
0.2147085 3.22033120568
0.215211880952 3.24102742166
0.215715261905 3.25758439444
0.216218642857 3.28241985361
0.21672202381 3.29897682639
0.217225404762 3.31967304236
0.217728785714 3.33623001514
0.218232166667 3.35278698792
0.218735547619 3.3734832039
0.219238928571 3.39417941987
0.219742309524 3.41073639265
0.220244071429 3.43148780039
0.220747452381 3.44384870908
0.221250833333 3.46040567402
0.221754214286 3.48110188021
0.222257595238 3.49765884516
0.22276097619 3.5142158101
0.223264357143 3.53077277505
0.223767738095 3.54319049876
0.224271119048 3.55560822247
0.2247745 3.57216518742
0.225277880952 3.58458291113
0.225781261905 3.60113987608
0.226284642857 3.61355759979
0.22678802381 3.62183608226
0.227291404762 3.63839304721
0.227794785714 3.64667152968
0.228298166667 3.65908925339
0.228801547619 3.67150697711
0.229304928571 3.67978545958
0.229806357143 3.68813547455
0.230306595238 3.70066898255
0.23080997619 3.70889173679
0.231313357143 3.72130990109
0.231816738095 3.73372806538
0.232320119048 3.74200684158
0.2328235 3.75028561778
0.233326880952 3.76270378208
0.233830261905 3.77098255827
0.234333642857 3.77926133447
0.23483702381 3.78754011067
0.235340404762 3.79581888687
0.235843785714 3.80409766307
0.236347166667 3.81651582736
0.236850547619 3.82479460356
0.237353928571 3.82893399166
0.237857309524 3.84135215596
0.238360690476 3.84963093216
0.238864071429 3.85790970836
0.239367452381 3.87032787265
0.239869214286 3.87866903522
0.240372595238 3.8828084899
0.24087597619 3.89103217612
0.241379357143 3.90345036391
0.241882738095 3.91172915578
0.242386119048 3.92000794764
0.2428895 3.9282867395
0.243392880952 3.93656553137
0.243896261905 3.94898371916
0.244399642857 3.95726251103
0.24490302381 3.96968069882
0.245406404762 3.97795949069
0.245909785714 3.99037767848
0.246413166667 4.00279586628
0.246916547619 4.01107465815
0.247419928571 4.02763224187
0.247923309524 4.03591103374
0.248426690476 4.04832922153
0.248930071429 4.0566080134
0.249433452381 4.06488680526
0.249936071429 4.07733585515
0.250439452381 4.08561470968
0.250942833333 4.09800197272
0.251446214286 4.11042016051
0.251949595238 4.12283834831
0.25245297619 4.13111714017
0.252956357143 4.14353532797
0.253459738095 4.15181411983
0.253963119048 4.1600929117
0.2544665 4.17251109949
0.254969880952 4.18078989136
0.255473261905 4.18906868322
0.255976642857 4.19734747509
0.25648002381 4.20976566288
0.256983404762 4.21804445475
0.257486785714 4.22632324661
0.257990166667 4.23460203848
0.258493547619 4.24288083034
0.258996928571 4.24702022627
0.259500309524 4.25529901814
0.260002119048 4.26364437161
0.2605055 4.26357982699
0.261008880952 4.27185862277
0.261512261905 4.28013741855
0.262015642857 4.28013741855
0.26251902381 4.28841621433
0.263022404762 4.28841621433
0.263525785714 4.29669501011
0.264029166667 4.300834408
0.264532547619 4.30497380589
0.265035928571 4.30911320378
0.265539309524 4.31325260167
0.266042690476 4.31739199956
0.266546071429 4.32153139745
0.267049452381 4.32567079534
0.267552833333 4.33394959112
0.268056214286 4.33808898901
0.268559595238 4.34636778479
0.26906297619 4.34636778479
0.269566357143 4.35464658057
0.270068214286 4.35885196438
0.270571595238 4.3670627083
0.27107497619 4.37534150016
0.271578357143 4.37534150016
0.272081738095 4.38362029203
0.272585119048 4.38362029203
0.2730885 4.39189908389
0.273591880952 4.39603847982
0.274095261905 4.40431727169
0.274598642857 4.40845666762
0.27510202381 4.41673545948
0.275605404762 4.41673545948
0.276108785714 4.42087485542
0.276612166667 4.42915364728
0.277115547619 4.43329304321
0.277618928571 4.43743243914
0.278122309524 4.44157183508
0.278625690476 4.44571123101
0.279129071429 4.44985062694
0.279632452381 4.45399002287
0.280134452381 4.45819058135
0.280637833333 4.46226881474
0.281141214286 4.46640821067
0.281644595238 4.4705476066
0.28214797619 4.47468700253
0.282651357143 4.4829657944
0.283154738095 4.48710519033
0.283658119048 4.49124458626
0.2841615 4.49538398219
0.284664880952 4.50366277406
0.285168261905 4.50780216999
0.285671642857 4.51194156592
0.28617502381 4.51194156592
0.286678404762 4.51608096185
0.287181785714 4.52022035779
0.287685166667 4.52435975372
0.288188547619 4.52849914965
0.288691928571 4.53263854558
0.289195309524 4.53677794151
0.289698690476 4.54091733745
0.290200595238 4.54512338892
0.29070397619 4.549189673
0.291207357143 4.55746845312
0.291710738095 4.56160784317
0.292214119048 4.56574723323
0.2927175 4.56988662329
0.293220880952 4.56988662329
0.293724261905 4.5781654034
0.294227642857 4.5781654034
0.29473102381 4.58644418352
0.295234404762 4.58644418352
0.295737785714 4.59472296363
0.296241166667 4.59058357358
0.296744547619 4.59886235369
0.297247928571 4.60300174375
0.297751309524 4.6071411338
0.298254690476 4.6071411338
0.298758071429 4.61128052386
0.299261452381 4.61541991392
0.299764833333 4.61955930398
0.300267452381 4.61959427047
0.300770833333 4.62369650669
0.301274214286 4.62783589479
0.301777595238 4.62783589479
0.30228097619 4.63197528289
0.302784357143 4.63611467098
0.303287738095 4.63611467098
0.303791119048 4.64025405908
0.3042945 4.64853283528
0.304797880952 4.64853283528
0.305301261905 4.65681161148
0.305804642857 4.65681161148
0.30630802381 4.66509038768
0.306811404762 4.66509038768
0.307314785714 4.66922977578
0.307818166667 4.67336916388
0.308321547619 4.67750855198
0.308824928571 4.68164794007
0.309328309524 4.68164794007
0.309830261905 4.68585383069
0.310333642857 4.68585383069
0.31083702381 4.68578954489
0.311340404762 4.68992893495
0.311843785714 4.68992893495
0.312347166667 4.69406832501
0.312850547619 4.68992893495
0.313353928571 4.69820771507
0.313857309524 4.69406832501
0.314360690476 4.69820771507
0.314864071429 4.69820771507
0.315367452381 4.69820771507
0.315870833333 4.70234710512
0.316374214286 4.70648649518
0.316877595238 4.70648649518
0.31738097619 4.71062588524
0.317884357143 4.7147652753
0.318387738095 4.72304405541
0.318891119048 4.72718344547
0.3193945 4.72718344547
0.319896452381 4.73552943314
0.320399833333 4.73966888194
0.320903214286 4.73959264694
0.321406595238 4.74373202917
0.32190997619 4.74787141139
0.322413357143 4.74373202917
0.322916738095 4.74373202917
0.323420119048 4.74787141139
0.3239235 4.74787141139
0.324426880952 4.75201079362
0.324930261905 4.75615017584
0.325433642857 4.75615017584
0.32593702381 4.76028955807
0.326440404762 4.76028955807
0.326943785714 4.76856832251
0.327447166667 4.77270770474
0.327950547619 4.77270770474
0.328453928571 4.77684708696
0.328957309524 4.78098646919
0.329460690476 4.78098646919
0.329962595238 4.78519602746
0.33046597619 4.78924257706
0.330969357143 4.78909304902
0.331472738095 4.79323228243
0.331976119048 4.79737151583
0.3324795 4.79737151583
0.332982880952 4.79737151583
0.333486261905 4.79737151583
0.333989642857 4.79737151583
0.33449302381 4.80151074923
0.334996404762 4.80151074923
0.335499785714 4.80151074923
0.336003166667 4.80564998264
0.336506547619 4.80978921604
0.337009928571 4.80978921604
0.337513309524 4.81392844945
0.338016690476 4.81806768285
0.338520071429 4.81806768285
0.339023452381 4.82220691626
0.339526833333 4.82634614966
0.340028642857 4.82228219605
0.34053202381 4.82634386653
0.341035404762 4.83048309798
0.341538785714 4.83462232943
0.342042166667 4.83462232943
0.342545547619 4.83462232943
0.343048928571 4.83876156087
0.343552309524 4.83876156087
0.344055690476 4.84290079232
0.344559071429 4.84290079232
0.345062452381 4.84704002377
0.345565833333 4.84704002377
0.346069214286 4.84704002377
0.346572595238 4.84704002377
0.34707597619 4.85117925521
0.347579357143 4.85531848666
0.348082738095 4.85117925521
0.348586119048 4.85531848666
0.3490895 4.85531848666
0.349592880952 4.86359694955
0.350095452381 4.8636360626
0.350598833333 4.8635992503
0.351102214286 4.86773848371
0.351605595238 4.86773848371
0.35210897619 4.86773848371
0.352612357143 4.86773848371
0.353115738095 4.87187771711
0.353619119048 4.87187771711
0.3541225 4.87187771711
0.354625880952 4.87601695052
0.355129261905 4.87187771711
0.355632642857 4.88015618392
0.35613602381 4.88015618392
0.356639404762 4.88015618392
0.357142785714 4.88429541732
0.357646166667 4.88429541732
0.358149547619 4.88843465073
0.358652928571 4.88843465073
0.359156309524 4.89257388413
0.359659690476 4.90085235094
0.360161547619 4.90092654003
0.360664928571 4.90085003257
0.361168309524 4.90498926402
0.361671690476 4.90498926402
0.362175071429 4.90498926402
0.362678452381 4.90912849546
0.363181833333 4.90498926402
0.363685214286 4.91326772691
0.364188595238 4.91326772691
0.36469197619 4.91740695836
0.365195357143 4.91740695836
0.365698738095 4.91740695836
0.366202119048 4.9215461898
0.3667055 4.9215461898
0.367208880952 4.92982465269
0.367712261905 4.92568542125
0.368215642857 4.92982465269
0.36871902381 4.92982465269
0.369222404762 4.92982465269
0.369725785714 4.93396388414
0.370227642857 4.92989928033
0.37073102381 4.92982465269
0.371234404762 4.92568542125
0.371737785714 4.92568542125
0.372241166667 4.92568542125
0.372744547619 4.9215461898
0.373247928571 4.92568542125
0.373751309524 4.9215461898
0.374254690476 4.9215461898
0.374758071429 4.9215461898
0.375261452381 4.91740695836
0.375764833333 4.91740695836
0.376268214286 4.9215461898
0.376771595238 4.9215461898
0.37727497619 4.9215461898
0.377778357143 4.9215461898
0.378281738095 4.9215461898
0.378785119048 4.92568542125
0.3792885 4.92568542125
0.379791880952 4.92982465269
0.380293880952 4.92989228389
0.380797261905 4.92982465269
0.381300642857 4.93396388414
0.38180402381 4.93396388414
0.382307404762 4.93396388414
0.382810785714 4.93396388414
0.383314166667 4.93396388414
0.383817547619 4.93396388414
0.384320928571 4.93396388414
0.384824309524 4.93396388414
0.385327690476 4.93396388414
0.385831071429 4.93396388414
0.386334452381 4.93396388414
0.386837833333 4.94224234703
0.387341214286 4.94224234703
0.387844595238 4.94638157848
0.38834797619 4.94638157848
0.388851357143 4.95052080993
0.389354738095 4.95052080993
0.389856690476 4.95473035718
0.390360071429 4.95473035718
0.390863452381 4.95879692704
0.391366833333 4.95879692704
0.391870214286 4.96293615652
0.392373595238 4.96293615652
0.39287697619 4.96707538601
0.393380357143 4.96707538601
0.393883738095 4.9712146155
0.394387119048 4.9712146155
0.3948905 4.97949307448
0.395393880952 4.97535384499
0.395897261905 4.97949307448
0.396400642857 4.97535384499
0.39690402381 4.98363230397
0.397407404762 4.97949307448
0.397910785714 4.97949307448
0.398414166667 4.98363230397
0.398917547619 4.98777153345
0.399420928571 4.98777153345
0.3999235 4.98781164509
0.400426880952 4.98781164509
0.400930261905 4.98777389294
0.401433642857 4.98777389294
0.40193702381 4.98777389294
0.402440404762 4.99191312439
0.402943785714 4.99191312439
0.403447166667 4.99191312439
0.403950547619 4.99191312439
0.404453928571 4.99191312439
0.404957309524 4.99191312439
0.405460690476 4.99605235584
0.405964071429 4.98777389294
0.406467452381 4.99605235584
0.406970833333 4.98777389294
0.407474214286 4.99605235584
0.407977595238 4.99191312439
0.40848097619 4.99191312439
0.408984357143 4.99191312439
0.409487738095 4.99191312439
0.409989690476 4.99612325907
0.410493071429 4.99191312439
0.410996452381 4.99191312439
0.411499833333 4.99605235584
0.412003214286 4.99605235584
0.412506595238 4.99191312439
0.41300997619 4.98777389294
0.413513357143 4.99191312439
0.414016738095 4.98777389294
0.414520119048 4.98777389294
0.4150235 4.98777389294
0.415526880952 4.98777389294
0.416030261905 4.98777389294
0.416533642857 4.9836346615
0.41703702381 4.9836346615
0.417540404762 4.9836346615
0.418043785714 4.9836346615
0.418547166667 4.9836346615
0.419050547619 4.9836346615
0.419553928571 4.9836346615
0.420055833333 4.98370774611
0.420559214286 4.97949778563
0.421062595238 4.97949778563
0.42156597619 4.98363701903
0.422069357143 4.98363701903
0.422572738095 4.98363701903
0.423076119048 4.98777625244
0.4235795 4.99191548584
0.424082880952 4.98777625244
0.424586261905 4.98777625244
0.425089642857 4.98777625244
0.42559302381 4.99191548584
0.426096404762 4.99191548584
0.426599785714 4.99191548584
0.427103166667 4.99191548584
0.427606547619 4.98777625244
0.428109928571 4.99191548584
0.428613309524 4.99191548584
0.429116690476 4.99605471925
0.429620071429 4.99191548584
0.43012197619 4.99612798603
0.430625357143 4.99605471925
0.431128738095 4.99605471925
0.431632119048 4.99605471925
0.4321355 4.99605471925
0.432638880952 4.99191548584
0.433142261905 4.99191548584
0.433645642857 4.99191548584
0.43414902381 4.99605471925
0.434652404762 4.99605471925
0.435155785714 4.99605471925
0.435659166667 5.00019395265
0.436162547619 5.00019395265
0.436665928571 5.00019395265
0.437169309524 5.00019395265
0.437672690476 5.00019395265
0.438176071429 5.00019395265
0.438679452381 5.00019395265
0.439182833333 5.00019395265
0.439686214286 5.00019395265
0.440188119048 5.00026728013
0.4406915 5.00432845141
0.441194880952 5.00432845141
0.441698261905 5.00432845141
0.442201642857 5.00432845141
0.44270502381 5.00432845141
0.443208404762 5.0084676809
0.443711785714 5.0084676809
0.444215166667 5.0084676809
0.444718547619 5.0084676809
0.445221928571 5.0084676809
0.445725309524 5.00432845141
0.446228690476 5.0084676809
0.446732071429 5.00432845141
0.447235452381 5.0084676809
0.447738833333 5.00432845141
0.448242214286 5.00432845141
0.448745595238 5.00432845141
0.44924897619 5.0084676809
0.449752357143 5.0084676809
0.450254880952 5.00437106356
0.450758261905 5.00847005018
0.451261642857 5.00847005018
0.45176502381 5.00847005018
0.452268404762 5.00847005018
0.452771785714 5.00847005018
0.453275166667 5.00847005018
0.453778547619 5.00847005018
0.454281928571 5.00847005018
0.454785309524 5.00847005018
0.455288690476 5.00847005018
0.455792071429 5.00847005018
0.456295452381 5.00847005018
0.456798833333 5.00847005018
0.457302214286 5.01260928162
0.457805595238 5.00847005018
0.45830897619 5.00847005018
0.458812357143 5.00433081873
0.459315738095 5.00847005018
0.459817547619 5.00440894164
0.460320928571 5.00026964557
0.460824309524 5.00433318606
0.461327690476 5.00019395265
0.461831071429 5.00433318606
0.462334452381 5.00019395265
0.462837833333 5.00019395265
0.463341214286 5.00019395265
0.463844595238 5.00019395265
0.46434797619 4.99605471925
0.464851357143 4.99605471925
0.465354738095 4.99605471925
0.465858119048 4.99191548584
0.4663615 4.99191548584
0.466864880952 4.99191548584
0.467368261905 4.99191548584
0.467871642857 4.98777625244
0.46837502381 4.99191548584
0.468878404762 4.98777625244
0.469381785714 4.98777625244
0.469883642857 4.98785175738
0.47038702381 4.98785175738
0.470890404762 4.99191548584
0.471393785714 4.99605471925
0.471897166667 5.00019395265
0.472400547619 5.00019395265
0.472903928571 5.00433318606
0.473407309524 5.00847241946
0.473910690476 5.00433318606
0.474414071429 5.00847241946
0.474917452381 5.00847241946
0.475420833333 5.00847241946
0.475924214286 5.01261165286
0.476427595238 5.01261165286
0.47693097619 5.01261165286
0.477434357143 5.01261165286
0.477937738095 5.01261165286
0.478441119048 5.01675088627
0.4789445 5.01675088627
0.479447880952 5.01675088627
0.479949880952 5.01681971002
0.480453261905 5.02095900021
0.480956642857 5.02089011967
0.48146002381 5.02089011967
0.481963404762 5.02502935308
0.482466785714 5.02502935308
0.482970166667 5.02916858648
0.483473547619 5.02916858648
0.483976928571 5.02916858648
0.484480309524 5.02916858648
0.484983690476 5.03330781989
0.485487071429 5.03330781989
0.485990452381 5.03330781989
0.486493833333 5.03330781989
0.486997214286 5.03330781989
0.487500595238 5.02916858648
0.48800397619 5.02916858648
0.488507357143 5.02502935308
0.489010738095 5.02502935308
0.489514119048 5.02502935308
0.49001602381 5.02510304477
0.490519404762 5.02089249483
0.491022785714 5.02089249483
0.491526166667 5.02089249483
0.492029547619 5.02089249483
0.492532928571 5.01675325947
0.493036309524 5.01675325947
0.493539690476 5.01261402411
0.494043071429 5.01261402411
0.494546452381 5.01261402411
0.495049833333 5.00847478875
0.495553214286 5.00433555338
0.496056595238 5.00433555338
0.49655997619 5.00433555338
0.497063357143 5.00847478875
0.497566738095 5.00433555338
0.498070119048 5.00433555338
0.4985735 5.00433555338
0.499076880952 5.00019631802
0.499580261905 5.00019631802
0.500082880952 5.00023416423
0.500586261905 5.00019395265
0.501089642857 5.00019395265
0.50159302381 5.00019395265
0.502096404762 5.00019395265
0.502599785714 5.00019395265
0.503103166667 5.00019395265
0.503606547619 4.99605471925
0.504109928571 4.99605471925
0.504613309524 4.99605471925
0.505116690476 4.99605471925
0.505620071429 4.99605471925
0.506123452381 4.99605471925
0.506626833333 5.00019395265
0.507130214286 4.99605471925
0.507633595238 4.99605471925
0.50813697619 4.99191548584
0.508640357143 4.99605471925
0.509143738095 4.99605471925
0.509647119048 4.99605471925
0.510149119048 4.99198396888
0.5106525 4.99605235584
0.511155880952 4.99605235584
0.511659261905 4.99605235584
0.512162642857 4.99605235584
0.51266602381 4.99605235584
0.513169404762 5.00019158728
0.513672785714 5.00433081873
0.514176166667 5.00433081873
0.514679547619 5.00433081873
0.515182928571 5.00847005018
0.515686309524 5.00433081873
0.516189690476 5.00847005018
0.516693071429 5.00433081873
0.517196452381 5.01260928162
0.517699833333 5.01260928162
0.518203214286 5.01260928162
0.518706595238 5.01674851307
0.51920997619 5.01674851307
0.519713357143 5.01674851307
0.520215119048 5.02096850112
0.5207185 5.02089486999
0.521221880952 5.02503410732
0.521725261905 5.02503410732
0.522228642857 5.02089486999
0.52273202381 5.02503410732
0.523235404762 5.02503410732
0.523738785714 5.02503410732
0.524242166667 5.02089486999
0.524745547619 5.02503410732
0.525248928571 5.02503410732
0.525752309524 5.02917334464
0.526255690476 5.02503410732
0.526759071429 5.02503410732
0.527262452381 5.02503410732
0.527765833333 5.02503410732
0.528269214286 5.02917334464
0.528772595238 5.02503410732
0.52927597619 5.02917334464
0.529779357143 5.02503410732
0.530281214286 5.02924947632
0.530784595238 5.02917572372
0.53128797619 5.02503648444
0.531791357143 5.02917572372
0.532294738095 5.02917572372
0.532798119048 5.02917572372
0.5333015 5.02917572372
0.533804880952 5.033314963
0.534308261905 5.02917572372
0.534811642857 5.033314963
0.53531502381 5.02917572372
0.535818404762 5.033314963
0.536321785714 5.033314963
0.536825166667 5.033314963
0.537328547619 5.033314963
0.537831928571 5.03745420227
0.538335309524 5.03745420227
0.538838690476 5.03745420227
0.539342071429 5.03745420227
0.539843833333 5.03753522549
0.540347214286 5.04167453135
0.540850595238 5.04160059643
0.54135397619 5.04160059643
0.541857357143 5.04160059643
0.542360738095 5.04160059643
0.542864119048 5.04160059643
0.5433675 5.04160059643
0.543870880952 5.04160059643
0.544374261905 5.04160059643
0.544877642857 5.04160059643
0.54538102381 5.04160059643
0.545884404762 5.04160059643
0.546387785714 5.04573984158
0.546891166667 5.04160059643
0.547394547619 5.04573984158
0.547897928571 5.04160059643
0.548401309524 5.04160059643
0.548904690476 5.04160059643
0.549408071429 5.04160059643
0.549910690476 5.03749947963
0.550414071429 5.04163875612
0.550917452381 5.04159582651
0.551420833333 5.03745658527
0.551924214286 5.03745658527
0.552427595238 5.03745658527
0.55293097619 5.03745658527
0.553434357143 5.03745658527
0.553937738095 5.04159582651
0.554441119048 5.04159582651
0.5549445 5.04159582651
0.555447880952 5.04159582651
0.555951261905 5.04573506775
0.556454642857 5.04573506775
0.55695802381 5.04159582651
0.557461404762 5.04573506775
0.557964785714 5.04159582651
0.558468166667 5.04159582651
0.558971547619 5.04159582651
0.559474928571 5.04573506775
0.559976785714 5.04167214632
0.560480166667 5.04159344155
0.560983547619 5.04159344155
0.561486928571 5.04159344155
0.561990309524 5.04573268083
0.562493690476 5.04159344155
0.562997071429 5.04573268083
0.563500452381 5.04573268083
0.564003833333 5.04987192011
0.564507214286 5.05401115939
0.565010595238 5.05401115939
0.56551397619 5.05401115939
0.566017357143 5.05401115939
0.566520738095 5.06228963795
0.567024119048 5.06228963795
0.5675275 5.06228963795
0.568030880952 5.06228963795
0.568534261905 5.06642887723
0.569037642857 5.06642887723
0.56954102381 5.06642887723
0.570042880952 5.07064487486
0.570546261905 5.06642887723
0.571049642857 5.0705681165
0.57155302381 5.06642887723
0.572056404762 5.06228963795
0.572559785714 5.06228963795
0.573063166667 5.06228963795
0.573566547619 5.06228963795
0.574069928571 5.05815039867
0.574573309524 5.06228963795
0.575076690476 5.06228963795
0.575580071429 5.06228963795
0.576083452381 5.06228963795
0.576586833333 5.06228963795
0.577090214286 5.06228963795
0.577593595238 5.06228963795
0.57809697619 5.06228963795
0.578600357143 5.06228963795
0.579103738095 5.05815039867
0.579607119048 5.05815039867
0.580109119048 5.05821979047
0.5806125 5.05815039867
0.581115880952 5.05401115939
0.581619261905 5.05401115939
0.582122642857 5.05401115939
0.58262602381 5.04987192011
0.583129404762 5.04987192011
0.583632785714 5.04987192011
0.584136166667 5.04987192011
0.584639547619 5.04987192011
0.585142928571 5.04987192011
0.585646309524 5.04573268083
0.586149690476 5.04573268083
0.586653071429 5.04573268083
0.587156452381 5.04573268083
0.587659833333 5.04573268083
0.588163214286 5.04573268083
0.588666595238 5.04987192011
0.58916997619 5.04987192011
0.589673357143 5.05401115939
0.590175261905 5.04994597622
0.590678642857 5.05401115939
0.59118202381 5.05401115939
0.591685404762 5.05815039867
0.592188785714 5.05401115939
0.592692166667 5.05815039867
0.593195547619 5.06228963795
0.593698928571 5.06228963795
0.594202309524 5.06228963795
0.594705690476 5.06642887723
0.595209071429 5.06642887723
0.595712452381 5.06642887723
0.596215833333 5.06642887723
0.596719214286 5.06642887723
0.597222595238 5.06642887723
0.59772597619 5.06228963795
0.598229357143 5.06228963795
0.598732738095 5.06642887723
0.599236119048 5.06642887723
0.5997395 5.06642887723
0.600242119048 5.06646722478
0.6007455 5.06642887723
0.601248880952 5.0705681165
0.601752261905 5.0705681165
0.602255642857 5.0705681165
0.60275902381 5.0705681165
0.603262404762 5.0705681165
0.603765785714 5.0705681165
0.604269166667 5.07470735578
0.604772547619 5.07470735578
0.605275928571 5.07470735578
0.605779309524 5.07470735578
0.606282690476 5.07470735578
0.606786071429 5.07470735578
0.607289452381 5.0705681165
0.607792833333 5.07470735578
0.608296214286 5.07884659506
0.608799595238 5.07884659506
0.60930297619 5.07884659506
0.609803547619 5.07898835115
0.610304690476 5.07910128115
0.610808071429 5.0831709904
0.611311452381 5.07903160034
0.611814833333 5.0831709904
0.612318214286 5.0831709904
0.612821595238 5.0831709904
0.61332497619 5.0831709904
0.613828357143 5.0831709904
0.614331738095 5.07903160034
0.614835119048 5.07903160034
0.6153385 5.07903160034
0.615841880952 5.07903160034
0.616345261905 5.0831709904
0.616848642857 5.07903160034
0.61735202381 5.0831709904
0.617855404762 5.07903160034
0.618358785714 5.07903160034
0.618862166667 5.0831709904
0.619365547619 5.07903160034
0.6198675 5.07910368397
0.620370880952 5.07496423516
0.620874261905 5.0707432249
0.621377642857 5.0707432249
0.62188102381 5.06660384267
0.622384404762 5.06660384267
0.622887785714 5.06660384267
0.623391166667 5.06660384267
0.623894547619 5.06660384267
0.624397928571 5.06660384267
0.624901309524 5.06660384267
0.625404690476 5.06660384267
0.625908071429 5.06660384267
0.626411452381 5.06660384267
0.626914833333 5.06660384267
0.627418214286 5.06660384267
0.627921595238 5.06660384267
0.62842497619 5.06660384267
0.628928357143 5.06660384267
0.629431738095 5.06660384267
0.629933642857 5.06253870379
0.63043702381 5.06253870379
0.630940404762 5.06246206554
0.631443785714 5.05832268527
0.631947166667 5.06246206554
0.632450547619 5.05832268527
0.632953928571 5.06246206554
0.633457309524 5.06246206554
0.633960690476 5.0666014458
0.634464071429 5.0666014458
0.634967452381 5.07074082607
0.635470833333 5.0666014458
0.635974214286 5.07074082607
0.636477595238 5.0666014458
0.63698097619 5.0666014458
0.637484357143 5.0666014458
0.637987738095 5.0666014458
0.638491119048 5.06246206554
0.6389945 5.06246206554
0.639497880952 5.0666014458
0.639999690476 5.06668054366
0.640503071429 5.06659904894
0.641006452381 5.06245967063
0.641509833333 5.06245967063
0.642013214286 5.06245967063
0.642516595238 5.06245967063
0.64301997619 5.06245967063
0.643523357143 5.06245967063
0.644026738095 5.06245967063
0.644530119048 5.06245967063
0.6450335 5.06245967063
0.645536880952 5.06245967063
0.646040261905 5.06245967063
0.646543642857 5.06245967063
0.64704702381 5.06245967063
0.647550404762 5.06245967063
0.648053785714 5.06245967063
0.648557166667 5.06245967063
0.649060547619 5.06245967063
0.649563928571 5.06245967063
0.6500665 5.06250038437
0.650569880952 5.06246206554
0.651073261905 5.05832268527
0.651576642857 5.05832268527
0.65208002381 5.05832268527
0.652583404762 5.05832268527
0.653086785714 5.06246206554
0.653590166667 5.06246206554
0.654093547619 5.06246206554
0.654596928571 5.06246206554
0.655100309524 5.06246206554
0.655603690476 5.0666014458
0.656107071429 5.0666014458
0.656610452381 5.06246206554
0.657113833333 5.06246206554
0.657617214286 5.0666014458
0.658120595238 5.06246206554
0.65862397619 5.06246206554
0.659127357143 5.06246206554
0.659630738095 5.06246206554
0.660132595238 5.05839926086
0.66063597619 5.05832268527
0.661139357143 5.05832268527
0.661642738095 5.05832268527
0.662146119048 5.05832268527
0.6626495 5.05832268527
0.663152880952 5.05832268527
0.663656261905 5.05832268527
0.664159642857 5.05832268527
0.66466302381 5.054183305
0.665166404762 5.054183305
0.665669785714 5.054183305
0.666173166667 5.05832268527
0.666676547619 5.054183305
0.667179928571 5.054183305
0.667683309524 5.054183305
0.668186690476 5.054183305
0.668690071429 5.054183305
0.669193452381 5.05004392474
0.669696833333 5.05004392474
0.670198690476 5.050120375
0.670702071429 5.04590454447
0.671205452381 5.05004392474
0.671708833333 5.04176516421
0.672212214286 5.04590454447
0.672715595238 5.04590454447
0.67321897619 5.04590454447
0.673722357143 5.04590454447
0.674225738095 5.04590454447
0.674729119048 5.05004392474
0.6752325 5.05004392474
0.675735880952 5.05004392474
0.676239261905 5.054183305
0.676742642857 5.05004392474
0.67724602381 5.054183305
0.677749404762 5.05004392474
0.678252785714 5.05004392474
0.678756166667 5.05004392474
0.679259547619 5.05004392474
0.679762928571 5.04590454447
0.680264928571 5.04597377063
0.680768309524 5.04590454447
0.681271690476 5.04590454447
0.681775071429 5.04590454447
0.682278452381 5.04590454447
0.682781833333 5.04590454447
0.683285214286 5.05004392474
0.683788595238 5.04590454447
0.68429197619 5.05004392474
0.684795357143 5.05004392474
0.685298738095 5.05004392474
0.685802119048 5.05004392474
0.6863055 5.054183305
0.686808880952 5.054183305
0.687312261905 5.05832268527
0.687815642857 5.05832268527
0.68831902381 5.05832268527
0.688822404762 5.06246206554
0.689325785714 5.05832268527
0.689827738095 5.05839447482
0.690331119048 5.05839447482
0.6908345 5.05832029232
0.691337880952 5.05418091401
0.691841261905 5.05418091401
0.692344642857 5.0500415357
0.69284802381 5.0500415357
0.693351404762 5.0500415357
0.693854785714 5.0459021574
0.694358166667 5.0500415357
0.694861547619 5.0500415357
0.695364928571 5.0459021574
0.695868309524 5.0500415357
0.696371690476 5.0500415357
0.696875071429 5.0500415357
0.697378452381 5.0500415357
0.697881833333 5.0500415357
0.698385214286 5.0500415357
0.698888595238 5.0500415357
0.69939197619 5.0500415357
0.699894547619 5.04594273798
0.700397928571 5.05008214958
0.700901309524 5.04590454447
0.701404690476 5.05004392474
0.701908071429 5.04176516421
0.702411452381 5.04590454447
0.702914833333 5.04176516421
0.703418214286 5.04590454447
0.703921595238 5.04590454447
0.70442497619 5.04590454447
0.704928357143 5.04590454447
0.705431738095 5.04590454447
0.705935119048 5.04590454447
0.7064385 5.04590454447
0.706941880952 5.04590454447
0.707445261905 5.04590454447
0.707948642857 5.05004392474
0.70845202381 5.04590454447
0.708955404762 5.04590454447
0.709458785714 5.04590454447
0.709960738095 5.04597615778
0.710464119048 5.04583532021
0.7109675 5.04158390175
0.711470880952 5.04158390175
0.711974261905 5.04158390175
0.712477642857 5.04158390175
0.71298102381 5.04158390175
0.713484404762 5.04572313319
0.713987785714 5.04572313319
0.714491166667 5.04986236464
0.714994547619 5.05400159609
0.715497928571 5.05400159609
0.716001309524 5.05814082753
0.716504690476 5.05814082753
0.717008071429 5.05814082753
0.717511452381 5.05814082753
0.718014833333 5.06228005898
0.718518214286 5.06228005898
0.719021595238 5.06228005898
0.71952497619 5.06228005898
0.720026880952 5.06235429692
0.720530261905 5.06228245372
0.721033642857 5.06228245372
0.72153702381 5.06642168712
0.722040404762 5.06642168712
0.722543785714 5.06642168712
0.723047166667 5.06642168712
0.723550547619 5.06642168712
0.724053928571 5.06642168712
0.724557309524 5.06228245372
0.725060690476 5.06642168712
0.725564071429 5.06642168712
0.726067452381 5.06642168712
0.726570833333 5.07056092053
0.727074214286 5.06642168712
0.727577595238 5.07056092053
0.72808097619 5.07056092053
0.728584357143 5.07056092053
0.729087738095 5.07056092053
0.729591119048 5.06642168712
0.73009302381 5.06649598583
0.730596404762 5.06642168712
0.731099785714 5.06642168712
0.731603166667 5.07056092053
0.732106547619 5.06642168712
0.732609928571 5.07056092053
0.733113309524 5.07056092053
0.733616690476 5.06642168712
0.734120071429 5.06642168712
0.734623452381 5.06642168712
0.735126833333 5.06228245372
0.735630214286 5.06228245372
0.736133595238 5.06228245372
0.73663697619 5.06228245372
0.737140357143 5.06228245372
0.737643738095 5.06228245372
0.738147119048 5.06228245372
0.7386505 5.06228245372
0.739153880952 5.06228245372
0.739657261905 5.06228245372
0.740159166667 5.05821739762
0.740662547619 5.05813843476
0.741165928571 5.05813843476
0.741669309524 5.05813843476
0.742172690476 5.05813843476
0.742676071429 5.05813843476
0.743179452381 5.05399920527
0.743682833333 5.05813843476
0.744186214286 5.05813843476
0.744689595238 5.05813843476
0.74519297619 5.05813843476
0.745696357143 5.05813843476
0.746199738095 5.05813843476
0.746703119048 5.05813843476
0.7472065 5.06227766424
0.747709880952 5.06227766424
0.748213261905 5.06227766424
0.748716642857 5.06227766424
0.74922002381 5.06227766424
0.749723404762 5.06227766424
0.750225928571 5.06232076984
0.750729309524 5.06228005898
0.751232690476 5.06228005898
0.751736071429 5.06228005898
0.752239452381 5.06228005898
0.752742833333 5.06641929043
0.753246214286 5.06641929043
0.753749595238 5.06641929043
0.75425297619 5.06641929043
0.754756357143 5.06641929043
0.755259738095 5.06228005898
0.755763119048 5.06641929043
0.7562665 5.06228005898
0.756769880952 5.06228005898
0.757273261905 5.06228005898
0.757776642857 5.06228005898
0.75828002381 5.05814082753
0.758783404762 5.05814082753
0.759286785714 5.06228005898
0.759790166667 5.05814082753
0.76029202381 5.06235669172
0.760795404762 5.06228005898
0.761298785714 5.06228005898
0.761802166667 5.06228005898
0.762305547619 5.06228005898
0.762808928571 5.06228005898
0.763312309524 5.06228005898
0.763815690476 5.06228005898
0.764319071429 5.06228005898
0.764822452381 5.06641929043
0.765325833333 5.06641929043
0.765829214286 5.07055852187
0.766332595238 5.07055852187
0.76683597619 5.06641929043
0.767339357143 5.07055852187
0.767842738095 5.06641929043
0.768346119048 5.06228005898
0.7688495 5.06228005898
0.769352880952 5.06228005898
0.769854738095 5.06235669172
0.770358119048 5.05821739762
0.7708615 5.05814082753
0.771364880952 5.05814082753
0.771868261905 5.05814082753
0.772371642857 5.06228005898
0.77287502381 5.05814082753
0.773378404762 5.05814082753
0.773881785714 5.05814082753
0.774385166667 5.05814082753
0.774888547619 5.05814082753
0.775391928571 5.05814082753
0.775895309524 5.05814082753
0.776398690476 5.05814082753
0.776902071429 5.05400159609
0.777405452381 5.05814082753
0.777908833333 5.05400159609
0.778412214286 5.05814082753
0.778915595238 5.05400159609
0.77941897619 5.05400159609
0.779920928571 5.05407332173
0.780424309524 5.05821261192
0.780927690476 5.05814322031
0.781431071429 5.06228245372
0.781934452381 5.06228245372
0.782437833333 5.06228245372
0.782941214286 5.06228245372
0.783444595238 5.06228245372
0.78394797619 5.05814322031
0.784451357143 5.06642168712
0.784954738095 5.06228245372
0.785458119048 5.06642168712
0.7859615 5.06642168712
0.786464880952 5.07056092053
0.786968261905 5.06642168712
0.787471642857 5.07056092053
0.78797502381 5.06642168712
0.788478404762 5.07056092053
0.788981785714 5.07056092053
0.789485166667 5.06642168712
0.789987071429 5.07063527994
0.790490452381 5.07056331918
0.790993833333 5.07056331918
0.791497214286 5.07056331918
0.792000595238 5.07056331918
0.79250397619 5.07470255455
0.793007357143 5.07470255455
0.793510738095 5.07884178991
0.794014119048 5.07470255455
0.7945175 5.07470255455
0.795020880952 5.07470255455
0.795524261905 5.07470255455
0.796027642857 5.07470255455
0.79653102381 5.07056331918
0.797034404762 5.07470255455
0.797537785714 5.07470255455
0.798041166667 5.07470255455
0.798544547619 5.07470255455
0.799047928571 5.07470255455
0.799551309524 5.07470255455
0.800053928571 5.070601698
0.800557309524 5.07470015393
0.801060690476 5.07056092053
0.801564071429 5.07470015393
0.802067452381 5.07056092053
0.802570833333 5.07470015393
0.803074214286 5.07056092053
0.803577595238 5.07883938734
0.80408097619 5.07470015393
0.804584357143 5.07470015393
0.805087738095 5.07470015393
0.805591119048 5.07470015393
0.8060945 5.07470015393
0.806597880952 5.07470015393
0.807101261905 5.07470015393
0.807604642857 5.07470015393
0.80810802381 5.07470015393
0.808611404762 5.07470015393
0.809114785714 5.07056092053
0.809618166667 5.07056092053
0.810120166667 5.07063048249
0.810623547619 5.07055852187
0.811126928571 5.07055852187
0.811630309524 5.07055852187
0.812133690476 5.07055852187
0.812637071429 5.07055852187
0.813140452381 5.07055852187
0.813643833333 5.07055852187
0.814147214286 5.06641929043
0.814650595238 5.06641929043
0.81515397619 5.06228005898
0.815657357143 5.06228005898
0.816160738095 5.06641929043
0.816664119048 5.06228005898
0.8171675 5.06228005898
0.817670880952 5.06228005898
0.818174261905 5.06228005898
0.818677642857 5.05814082753
0.81918102381 5.05814082753
0.819684404762 5.06228005898
0.820186166667 5.05822218333
0.820689547619 5.05814800588
0.821192928571 5.05814800588
0.821696309524 5.05814800588
0.822199690476 5.05400876856
0.822703071429 5.05400876856
0.823206452381 5.05400876856
0.823709833333 5.05400876856
0.824213214286 5.05400876856
0.824716595238 5.05400876856
0.82521997619 5.05814800588
0.825723357143 5.05400876856
0.826226738095 5.05814800588
0.826730119048 5.05814800588
0.8272335 5.05400876856
0.827736880952 5.05400876856
0.828240261905 5.04986953124
0.828743642857 5.04986953124
0.82924702381 5.04986953124
0.829750404762 5.04986953124
0.830252261905 5.04994597622
0.830755642857 5.04987192011
0.83125902381 5.04987192011
0.831762404762 5.04987192011
0.832265785714 5.04573268083
0.832769166667 5.04987192011
0.833272547619 5.04573268083
0.833775928571 5.04573268083
0.834279309524 5.04573268083
0.834782690476 5.04573268083
0.835286071429 5.04573268083
0.835789452381 5.04573268083
0.836292833333 5.04573268083
0.836796214286 5.04573268083
0.837299595238 5.04573268083
0.83780297619 5.04573268083
0.838306357143 5.04987192011
0.838809738095 5.04573268083
0.839313119048 5.04987192011
0.839814880952 5.04995314306
0.840318261905 5.04995314306
0.840821642857 5.04987908674
0.84132502381 5.04987908674
0.841828404762 5.04987908674
0.842331785714 5.04987908674
0.842835166667 5.04987908674
0.843338547619 5.04987908674
0.843841928571 5.05815757704
0.844345309524 5.05401833189
0.844848690476 5.05401833189
0.845352071429 5.05401833189
0.845855452381 5.05401833189
0.846358833333 5.05401833189
0.846862214286 5.05401833189
0.847365595238 5.05401833189
0.84786897619 5.04987908674
0.848372357143 5.04987908674
0.848875738095 5.04987908674
0.849379119048 5.04573984158
0.849881738095 5.04991730908
0.850385119048 5.0457780326
0.8508885 5.04987430898
0.851391880952 5.04573506775
0.851895261905 5.04987430898
0.852398642857 5.04987430898
0.85290202381 5.04987430898
0.853405404762 5.04573506775
0.853908785714 5.04987430898
0.854412166667 5.04987430898
0.854915547619 5.04987430898
0.855418928571 5.05401355022
0.855922309524 5.05401355022
0.856425690476 5.05401355022
0.856929071429 5.05401355022
0.857432452381 5.05401355022
0.857935833333 5.05401355022
0.858439214286 5.04987430898
0.858942595238 5.04987430898
0.85944597619 5.04987430898
0.859947833333 5.04581145021
0.860451214286 5.04995075411
0.860954595238 5.04573506775
0.86145797619 5.04573506775
0.861961357143 5.04159582651
0.862464738095 5.04159582651
0.862968119048 5.04159582651
0.8634715 5.03745658527
0.863974880952 5.03745658527
0.864478261905 5.03745658527
0.864981642857 5.03745658527
0.86548502381 5.03745658527
0.865988404762 5.03331734404
0.866491785714 5.03331734404
0.866995166667 5.03331734404
0.867498547619 5.03331734404
0.868001928571 5.03331734404
0.868505309524 5.03331734404
0.869008690476 5.03331734404
0.869512071429 5.03331734404
0.870013928571 5.03339353852
0.870517309524 5.0291781028
0.871020690476 5.03331734404
0.871524071429 5.03331734404
0.872027452381 5.03331734404
0.872530833333 5.03331734404
0.873034214286 5.03331734404
0.873537595238 5.03745658527
0.87404097619 5.03745658527
0.874544357143 5.03745658527
0.875047738095 5.03745658527
0.875551119048 5.03745658527
0.8760545 5.03745658527
0.876557880952 5.03745658527
0.877061261905 5.03745658527
0.877564642857 5.03745658527
0.87806802381 5.03745658527
0.878571404762 5.03745658527
0.879074785714 5.03745658527
0.879578166667 5.04159582651
0.880080119048 5.04166737626
0.8805835 5.04159582651
0.881086880952 5.04159582651
0.881590261905 5.04159582651
0.882093642857 5.03745658527
0.88259702381 5.04159582651
0.883100404762 5.04159582651
0.883603785714 5.04159582651
0.884107166667 5.04159582651
0.884610547619 5.04573506775
0.885113928571 5.04159582651
0.885617309524 5.04159582651
0.886120690476 5.04159582651
0.886624071429 5.04159582651
0.887127452381 5.03745658527
0.887630833333 5.04159582651
0.888134214286 5.03745658527
0.888637595238 5.03745658527
0.88914097619 5.03331734404
0.889644357143 5.03745658527
0.890146214286 5.03753284242
0.890649595238 5.03745896827
0.89115297619 5.03745896827
0.891656357143 5.03331972508
0.892159738095 5.03745896827
0.892663119048 5.03745896827
0.8931665 5.03331972508
0.893669880952 5.03331972508
0.894173261905 5.03331972508
0.894676642857 5.02918048188
0.89518002381 5.03331972508
0.895683404762 5.02918048188
0.896186785714 5.02918048188
0.896690166667 5.02504123869
0.897193547619 5.02918048188
0.897696928571 5.02090199549
0.898200309524 5.02090199549
0.898703690476 5.02090199549
0.899207071429 5.02090199549
0.899710452381 5.0167627523
0.90021302381 5.01680309722
0.900716404762 5.01676512551
0.901219785714 5.01676512551
0.901723166667 5.01676512551
0.902226547619 5.01262588036
0.902729928571 5.01676512551
0.903233309524 5.01262588036
0.903736690476 5.01262588036
0.904240071429 5.00848663521
0.904743452381 5.00848663521
0.905246833333 5.00848663521
0.905750214286 5.00848663521
0.906253595238 5.00848663521
0.90675697619 5.00848663521
0.907260357143 5.00848663521
0.907763738095 5.00848663521
0.908267119048 5.00434739005
0.9087705 5.00848663521
0.909273880952 5.00434739005
0.909777261905 5.00848663521
0.910279214286 5.00855771514
0.910782595238 5.0084890045
0.91128597619 5.0084890045
0.911789357143 5.0084890045
0.912292738095 5.01262825162
0.912796119048 5.01676749873
0.9132995 5.01676749873
0.913802880952 5.01676749873
0.914306261905 5.02090674584
0.914809642857 5.02090674584
0.91531302381 5.02504599295
0.915816404762 5.02504599295
0.916319785714 5.02918524006
0.916823166667 5.02504599295
0.917326547619 5.02504599295
0.917829928571 5.02918524006
0.918333309524 5.02504599295
0.918836690476 5.02918524006
0.919340071429 5.02918524006
0.919842071429 5.02925423463
0.920345452381 5.02511493073
0.920848833333 5.02917334464
0.921352214286 5.03331258196
0.921855595238 5.03331258196
0.92235897619 5.03331258196
0.922862357143 5.03331258196
0.923365738095 5.03745181928
0.923869119048 5.03745181928
0.9243725 5.03745181928
0.924875880952 5.0415910566
0.925379261905 5.03745181928
0.925882642857 5.03745181928
0.92638602381 5.03745181928
0.926889404762 5.03745181928
0.927392785714 5.03745181928
0.927896166667 5.03745181928
0.928399547619 5.03745181928
0.928902928571 5.03745181928
0.929406309524 5.0415910566
0.929908166667 5.03752807628
0.930411547619 5.04166737626
0.930914928571 5.03745181928
0.931418309524 5.0415910566
0.931921690476 5.0415910566
0.932425071429 5.0415910566
0.932928452381 5.0415910566
0.933431833333 5.0415910566
0.933935214286 5.0415910566
0.934438595238 5.04573029392
0.93494197619 5.0415910566
0.935445357143 5.0415910566
0.935948738095 5.0415910566
0.936452119048 5.0415910566
0.9369555 5.03745181928
0.937458880952 5.03745181928
0.937962261905 5.03745181928
0.938465642857 5.03331258196
0.93896902381 5.02917334464
0.939472404762 5.03331258196
0.939974166667 5.02925423463
0.940477547619 5.02917334464
0.940980928571 5.03331258196
0.941484309524 5.02917334464
0.941987690476 5.03331258196
0.942491071429 5.03331258196
0.942994452381 5.03331258196
0.943497833333 5.03331258196
0.944001214286 5.03331258196
0.944504595238 5.02917334464
0.94500797619 5.02917334464
0.945511357143 5.02917334464
0.946014738095 5.02917334464
0.946518119048 5.02917334464
0.9470215 5.02917334464
0.947524880952 5.02503410732
0.948028261905 5.02503410732
0.948531642857 5.02503410732
0.94903502381 5.02503410732
0.949538404762 5.02503410732
0.95004102381 5.02921141019
0.950544404762 5.02917334464
0.951047785714 5.03331258196
0.951551166667 5.02917334464
0.952054547619 5.03331258196
0.952557928571 5.03331258196
0.953061309524 5.03331258196
0.953564690476 5.03745181928
0.954068071429 5.03745181928
0.954571452381 5.03745181928
0.955074833333 5.03331258196
0.955578214286 5.03331258196
0.956081595238 5.03331258196
0.95658497619 5.02917334464
0.957088357143 5.02917334464
0.957591738095 5.02917334464
0.958095119048 5.02917334464
0.9585985 5.02917334464
0.959101880952 5.03331258196
0.959605261905 5.03331258196
0.960107071429 5.03339115741
0.960610452381 5.03745420227
0.961113833333 5.03745420227
0.961617214286 5.03745420227
0.962120595238 5.03745420227
0.96262397619 5.04573268083
0.963127357143 5.04573268083
0.963630738095 5.04573268083
0.964134119048 5.04987192011
0.9646375 5.04987192011
0.965140880952 5.04987192011
0.965644261905 5.04987192011
0.966147642857 5.04573268083
0.96665102381 5.04987192011
0.967154404762 5.04573268083
0.967657785714 5.04573268083
0.968161166667 5.04573268083
0.968664547619 5.04159344155
0.969167928571 5.04159344155
0.969671309524 5.04573268083
0.970173166667 5.04166976129
0.970676547619 5.04159344155
0.971179928571 5.04573268083
0.971683309524 5.04573268083
0.972186690476 5.04573268083
0.972690071429 5.04573268083
0.973193452381 5.04573268083
0.973696833333 5.04573268083
0.974200214286 5.04159344155
0.974703595238 5.04159344155
0.97520697619 5.04159344155
0.975710357143 5.03745420227
0.976213738095 5.03745420227
0.976717119048 5.03745420227
0.9772205 5.03745420227
0.977723880952 5.033314963
0.978227261905 5.03745420227
0.978730642857 5.033314963
0.97923402381 5.033314963
0.979737404762 5.033314963
0.980239357143 5.03338639519
0.980742738095 5.033314963
0.981246119048 5.033314963
0.9817495 5.033314963
0.982252880952 5.03745420227
0.982756261905 5.03745420227
0.983259642857 5.033314963
0.98376302381 5.033314963
0.984266404762 5.03745420227
0.984769785714 5.04159344155
0.985273166667 5.03745420227
0.985776547619 5.04159344155
0.986279928571 5.04159344155
0.986783309524 5.04159344155
0.987286690476 5.04159344155
0.987790071429 5.04573268083
0.988293452381 5.04159344155
0.988796833333 5.04573268083
0.989300214286 5.04573268083
0.989804642857 5.04981936548
0.990305595238 5.04580190228
0.99080897619 5.0457255201
0.991312357143 5.0457255201
0.991815738095 5.0457255201
0.992319119048 5.0457255201
0.9928225 5.0415862867
0.993325880952 5.0457255201
0.993829261905 5.0415862867
0.994332642857 5.0457255201
0.99483602381 5.0415862867
0.995339404762 5.0457255201
0.995842785714 5.0415862867
0.996346166667 5.0415862867
0.996849547619 5.03744705329
0.997352928571 5.0457255201
0.997856309524 5.03744705329
0.998359690476 5.0457255201
0.998863071429 5.0415862867
0.999366452381 5.0457255201
0.999869071429 5.04162444617
1.00037245238 5.0457637109
1.00087583333 5.04572313319
1.00137921429 5.04572313319
1.00188259524 5.04572313319
1.00238597619 5.04986236464
1.00288935714 5.05400159609
1.0033927381 5.04986236464
1.00389611905 5.05400159609
1.0043995 5.05814082753
1.00490288095 5.05814082753
1.0054062619 5.05814082753
1.00590964286 5.05814082753
1.00641302381 5.05814082753
1.00691640476 5.05814082753
1.00741978571 5.05814082753
